-500 0 -500 13 
-486 0 -500 11 
-472 0 -500 12 
-459 0 -500 10 
-446 0 -500 10 
-435 0 -500 12 
-422 0 -500 13 
-410 0 -500 14 
-396 0 -500 12 
-384 0 -500 13 
-374 0 -500 13 
-363 0 -500 13 
-352 0 -500 10 
-341 0 -500 13 
-327 0 -500 14 
-316 0 -500 14 
-306 0 -500 12 
-294 0 -500 11 
-282 0 -500 11 
-269 0 -500 10 
-258 0 -500 14 
-244 0 -500 11 
-234 0 -500 12 
-224 0 -500 14 
-213 0 -500 14 
-199 0 -500 13 
-186 0 -500 10 
-175 0 -500 11 
-163 0 -500 14 
-152 0 -500 11 
-141 0 -500 13 
-128 0 -500 11 
-116 0 -500 10 
-102 0 -500 14 
-89 0 -500 14 
-79 0 -500 11 
-65 0 -500 11 
-53 0 -500 11 
-43 0 -500 12 
-31 0 -500 12 
-17 0 -500 13 
10 0 -500 12 
24 0 -500 11 
34 0 -500 13 
44 0 -500 12 
56 0 -500 11 
68 0 -500 10 
82 0 -500 14 
94 0 -500 10 
105 0 -500 13 
115 0 -500 13 
129 0 -500 11 
143 0 -500 12 
155 0 -500 10 
166 0 -500 11 
180 0 -500 10 
194 0 -500 13 
208 0 -500 10 
222 0 -500 10 
236 0 -500 10 
248 0 -500 11 
261 0 -500 14 
274 0 -500 13 
284 0 -500 12 
297 0 -500 11 
307 0 -500 10 
321 0 -500 12 
332 0 -500 11 
346 0 -500 10 
357 0 -500 12 
368 0 -500 12 
378 0 -500 13 
388 0 -500 14 
398 0 -500 10 
412 0 -500 11 
424 0 -500 13 
438 0 -500 10 
452 0 -500 12 
462 0 -500 10 
474 0 -500 11 
487 0 -500 14 
498 0 -500 10 
-500 0 500 13 
-489 0 500 12 
-476 0 500 14 
-466 0 500 12 
-455 0 500 10 
-443 0 500 11 
-432 0 500 14 
-419 0 500 13 
-408 0 500 10 
-397 0 500 10 
-384 0 500 13 
-374 0 500 10 
-361 0 500 12 
-350 0 500 13 
-337 0 500 10 
-324 0 500 10 
-311 0 500 14 
-299 0 500 13 
-286 0 500 14 
-274 0 500 11 
-263 0 500 11 
-250 0 500 13 
-239 0 500 13 
-228 0 500 14 
-217 0 500 14 
-203 0 500 14 
-191 0 500 14 
-177 0 500 12 
-164 0 500 13 
-153 0 500 14 
-140 0 500 14 
-126 0 500 13 
-115 0 500 13 
-102 0 500 11 
-89 0 500 13 
-76 0 500 14 
-62 0 500 13 
-48 0 500 12 
-37 0 500 12 
-26 0 500 12 
-12 0 500 13 
10 0 500 11 
24 0 500 10 
35 0 500 10 
48 0 500 12 
62 0 500 13 
75 0 500 13 
88 0 500 14 
101 0 500 11 
112 0 500 11 
126 0 500 14 
139 0 500 11 
151 0 500 14 
161 0 500 10 
173 0 500 12 
186 0 500 13 
198 0 500 13 
212 0 500 11 
225 0 500 10 
236 0 500 13 
250 0 500 10 
261 0 500 13 
271 0 500 11 
285 0 500 14 
298 0 500 10 
310 0 500 14 
321 0 500 12 
331 0 500 10 
343 0 500 13 
354 0 500 11 
366 0 500 11 
380 0 500 14 
394 0 500 10 
404 0 500 10 
417 0 500 12 
430 0 500 14 
444 0 500 12 
456 0 500 10 
469 0 500 12 
480 0 500 13 
494 0 500 10 
500 0 -490 11 
500 0 -477 10 
500 0 -464 12 
500 0 -451 14 
500 0 -441 10 
500 0 -431 11 
500 0 -420 12 
500 0 -407 12 
500 0 -395 11 
500 0 -384 12 
500 0 -371 12 
500 0 -360 10 
500 0 -346 12 
500 0 -332 10 
500 0 -322 11 
500 0 -309 10 
500 0 -297 11 
500 0 -286 12 
500 0 -276 11 
500 0 -264 12 
500 0 -250 14 
500 0 -240 10 
500 0 -227 13 
500 0 -213 12 
500 0 -201 10 
500 0 -191 10 
500 0 -181 13 
500 0 -169 14 
500 0 -159 12 
500 0 -149 11 
500 0 -139 10 
500 0 -128 14 
500 0 -115 14 
500 0 -104 13 
500 0 -93 13 
500 0 -81 12 
500 0 -71 12 
500 0 -59 13 
500 0 -47 14 
500 0 -36 14 
500 0 -25 13 
500 0 -14 11 
500 0 -3 14 
500 0 8 14 
500 0 21 13 
500 0 31 13 
500 0 44 13 
500 0 56 11 
500 0 69 13 
500 0 80 11 
500 0 94 13 
500 0 107 11 
500 0 119 12 
500 0 133 14 
500 0 144 12 
500 0 155 10 
500 0 167 12 
500 0 178 14 
500 0 191 12 
500 0 204 13 
500 0 216 10 
500 0 229 10 
500 0 242 10 
500 0 253 13 
500 0 264 14 
500 0 278 12 
500 0 290 14 
500 0 303 11 
500 0 317 14 
500 0 330 12 
500 0 342 14 
500 0 354 14 
500 0 367 14 
500 0 377 14 
500 0 390 10 
500 0 402 11 
500 0 414 11 
500 0 427 11 
500 0 440 12 
500 0 451 11 
500 0 462 13 
500 0 475 11 
500 0 487 13 
-500 0 -490 11 
-500 0 -477 10 
-500 0 -466 12 
-500 0 -455 13 
-500 0 -444 10 
-500 0 -432 14 
-500 0 -418 13 
-500 0 -407 13 
-500 0 -396 14 
-500 0 -385 14 
-500 0 -373 12 
-500 0 -362 13 
-500 0 -349 10 
-500 0 -338 14 
-500 0 -327 11 
-500 0 -315 13 
-500 0 -301 12 
-500 0 -287 10 
-500 0 -273 10 
-500 0 -259 13 
-500 0 -247 13 
-500 0 -233 13 
-500 0 -220 10 
-500 0 -206 14 
-500 0 -192 10 
-500 0 -181 11 
-500 0 -169 12 
-500 0 -157 11 
-500 0 -145 13 
-500 0 -133 10 
-500 0 -122 11 
-500 0 -108 11 
-500 0 -94 10 
-500 0 -83 10 
-500 0 -71 12 
-500 0 -58 10 
-500 0 -47 14 
-500 0 -37 14 
-500 0 -27 14 
-500 0 -16 11 
-500 0 -6 12 
-500 0 4 14 
-500 0 15 12 
-500 0 25 11 
-500 0 37 14 
-500 0 48 14 
-500 0 59 10 
-500 0 69 10 
-500 0 81 13 
-500 0 93 10 
-500 0 104 11 
-500 0 116 12 
-500 0 128 12 
-500 0 141 12 
-500 0 155 14 
-500 0 166 14 
-500 0 179 11 
-500 0 192 10 
-500 0 205 11 
-500 0 216 10 
-500 0 226 12 
-500 0 240 13 
-500 0 250 11 
-500 0 263 12 
-500 0 273 11 
-500 0 287 11 
-500 0 301 11 
-500 0 311 13 
-500 0 322 10 
-500 0 333 10 
-500 0 345 14 
-500 0 356 10 
-500 0 366 14 
-500 0 376 13 
-500 0 388 13 
-500 0 398 10 
-500 0 409 12 
-500 0 422 13 
-500 0 435 14 
-500 0 445 10 
-500 0 457 12 
-500 0 470 13 
-500 0 480 10 
-485 0 -485 11 
-474 0 -485 14 
-461 0 -485 13 
-448 0 -485 14 
-438 0 -485 13 
-427 0 -485 13 
-414 0 -485 13 
-403 0 -485 11 
-393 0 -485 14 
-380 0 -485 14 
-368 0 -485 13 
-358 0 -485 10 
-347 0 -485 12 
-335 0 -485 14 
-325 0 -485 12 
-315 0 -485 13 
-304 0 -485 13 
-291 0 -485 14 
-278 0 -485 11 
-264 0 -485 13 
-252 0 -485 12 
-239 0 -485 10 
-229 0 -485 10 
-218 0 -485 13 
-204 0 -485 11 
-190 0 -485 14 
-178 0 -485 14 
-164 0 -485 13 
-153 0 -485 13 
-141 0 -485 13 
-129 0 -485 14 
-118 0 -485 13 
-104 0 -485 11 
-94 0 -485 12 
-81 0 -485 11 
-68 0 -485 10 
-55 0 -485 11 
-43 0 -485 10 
-30 0 -485 11 
-17 0 -485 10 
10 0 -485 12 
24 0 -485 14 
35 0 -485 10 
49 0 -485 14 
59 0 -485 14 
73 0 -485 12 
86 0 -485 13 
99 0 -485 10 
113 0 -485 10 
127 0 -485 14 
138 0 -485 12 
149 0 -485 14 
160 0 -485 14 
171 0 -485 11 
181 0 -485 10 
192 0 -485 14 
206 0 -485 12 
217 0 -485 13 
231 0 -485 10 
245 0 -485 14 
259 0 -485 14 
273 0 -485 10 
287 0 -485 14 
297 0 -485 10 
311 0 -485 14 
321 0 -485 12 
335 0 -485 11 
348 0 -485 10 
360 0 -485 14 
373 0 -485 14 
384 0 -485 12 
398 0 -485 11 
412 0 -485 10 
423 0 -485 11 
433 0 -485 10 
443 0 -485 12 
454 0 -485 11 
466 0 -485 12 
478 0 -485 12 
-485 0 485 11 
-472 0 485 10 
-462 0 485 12 
-451 0 485 13 
-437 0 485 11 
-424 0 485 13 
-414 0 485 11 
-404 0 485 14 
-390 0 485 11 
-379 0 485 10 
-367 0 485 14 
-354 0 485 10 
-343 0 485 11 
-332 0 485 13 
-318 0 485 14 
-306 0 485 14 
-294 0 485 10 
-280 0 485 13 
-267 0 485 12 
-254 0 485 14 
-241 0 485 13 
-229 0 485 14 
-219 0 485 14 
-209 0 485 11 
-198 0 485 12 
-186 0 485 10 
-175 0 485 12 
-165 0 485 14 
-155 0 485 14 
-143 0 485 14 
-133 0 485 11 
-123 0 485 12 
-110 0 485 14 
-98 0 485 11 
-86 0 485 13 
-73 0 485 10 
-62 0 485 12 
-51 0 485 13 
-39 0 485 12 
-29 0 485 10 
-18 0 485 14 
10 0 485 14 
23 0 485 13 
36 0 485 13 
48 0 485 12 
61 0 485 12 
71 0 485 10 
82 0 485 13 
92 0 485 11 
104 0 485 12 
118 0 485 10 
132 0 485 12 
144 0 485 13 
155 0 485 11 
167 0 485 11 
180 0 485 10 
192 0 485 14 
206 0 485 10 
220 0 485 14 
233 0 485 11 
246 0 485 13 
256 0 485 13 
270 0 485 11 
281 0 485 14 
295 0 485 10 
308 0 485 13 
318 0 485 14 
331 0 485 10 
345 0 485 14 
358 0 485 11 
370 0 485 12 
381 0 485 14 
394 0 485 12 
408 0 485 12 
421 0 485 14 
431 0 485 11 
444 0 485 10 
455 0 485 12 
468 0 485 10 
481 0 485 13 
485 0 -475 13 
485 0 -462 13 
485 0 -450 11 
485 0 -437 12 
485 0 -425 11 
485 0 -415 14 
485 0 -405 12 
485 0 -395 13 
485 0 -384 14 
485 0 -374 10 
485 0 -360 10 
485 0 -349 14 
485 0 -339 10 
485 0 -326 11 
485 0 -316 11 
485 0 -305 10 
485 0 -291 14 
485 0 -281 13 
485 0 -268 13 
485 0 -258 10 
485 0 -246 11 
485 0 -234 12 
485 0 -224 12 
485 0 -213 11 
485 0 -199 13 
485 0 -188 10 
485 0 -174 10 
485 0 -160 11 
485 0 -150 12 
485 0 -136 10 
485 0 -126 10 
485 0 -114 14 
485 0 -102 13 
485 0 -90 10 
485 0 -77 10 
485 0 -65 12 
485 0 -54 14 
485 0 -44 13 
485 0 -32 13 
485 0 -18 13 
485 0 -5 13 
485 0 8 12 
485 0 21 14 
485 0 32 13 
485 0 43 12 
485 0 53 13 
485 0 66 14 
485 0 78 10 
485 0 90 11 
485 0 100 13 
485 0 111 14 
485 0 121 14 
485 0 135 12 
485 0 149 13 
485 0 159 14 
485 0 170 14 
485 0 182 11 
485 0 195 12 
485 0 205 11 
485 0 215 13 
485 0 229 12 
485 0 240 14 
485 0 251 10 
485 0 265 14 
485 0 276 11 
485 0 290 10 
485 0 300 14 
485 0 311 11 
485 0 323 11 
485 0 337 14 
485 0 349 12 
485 0 362 11 
485 0 375 14 
485 0 388 10 
485 0 400 13 
485 0 413 11 
485 0 425 11 
485 0 435 13 
485 0 446 11 
485 0 460 10 
485 0 472 13 
-485 0 -475 10 
-485 0 -462 13 
-485 0 -451 12 
-485 0 -437 13 
-485 0 -426 13 
-485 0 -416 12 
-485 0 -402 11 
-485 0 -389 12 
-485 0 -376 10 
-485 0 -364 12 
-485 0 -350 14 
-485 0 -337 11 
-485 0 -324 12 
-485 0 -311 14 
-485 0 -299 12 
-485 0 -286 12 
-485 0 -274 13 
-485 0 -262 11 
-485 0 -252 12 
-485 0 -238 13 
-485 0 -228 11 
-485 0 -218 10 
-485 0 -204 10 
-485 0 -190 13 
-485 0 -179 12 
-485 0 -169 10 
-485 0 -158 10 
-485 0 -147 11 
-485 0 -133 11 
-485 0 -122 11 
-485 0 -108 11 
-485 0 -98 13 
-485 0 -84 13 
-485 0 -70 11 
-485 0 -60 13 
-485 0 -46 12 
-485 0 -36 12 
-485 0 -22 11 
-485 0 -10 14 
-485 0 4 10 
-485 0 15 11 
-485 0 27 14 
-485 0 39 14 
-485 0 50 13 
-485 0 60 14 
-485 0 70 11 
-485 0 80 10 
-485 0 90 11 
-485 0 103 14 
-485 0 115 10 
-485 0 125 13 
-485 0 135 12 
-485 0 147 14 
-485 0 160 12 
-485 0 170 13 
-485 0 182 13 
-485 0 196 10 
-485 0 209 13 
-485 0 220 11 
-485 0 232 13 
-485 0 242 14 
-485 0 254 12 
-485 0 268 12 
-485 0 281 13 
-485 0 294 12 
-485 0 304 10 
-485 0 316 10 
-485 0 328 10 
-485 0 340 11 
-485 0 354 14 
-485 0 365 13 
-485 0 378 12 
-485 0 388 13 
-485 0 399 13 
-485 0 413 10 
-485 0 425 11 
-485 0 439 14 
-485 0 449 10 
-485 0 462 13 
-485 0 472 13 
206 0 -291 11 93 0 -319 13 235 0 244 12 90 0 -170 11 90 0 -280 13 283 0 78 12 124 0 308 14 120 0 224 10 215 0 274 10 -160 0 110 13 -441 0 -82 12 260 0 -439 11 159 0 247 10 178 0 -61 13 -249 0 -421 13 -125 0 312 11 -333 0 38 11 -292 0 372 10 425 0 196 10 -133 0 -92 10 -72 0 276 13 -262 0 288 11 399 0 137 11 128 0 -322 11 329 0 -293 11 -194 0 -379 12 -77 0 109 10 418 0 319 12 -30 0 346 11 -450 0 -185 11 53 0 193 10 -267 0 433 10 -326 0 435 12 -278 0 113 12 159 0 44 14 305 0 301 12 -210 0 -174 13 322 0 -153 14 -175 0 267 10 78 0 320 12 -211 0 -77 10 279 0 106 10 -189 0 282 10 -122 0 -446 10 125 0 215 10 -319 0 71 13 260 0 363 11 -350 0 235 13 -191 0 -338 13 -84 0 190 13 288 0 -418 13 -445 0 363 11 -242 0 -275 13 -107 0 105 12 -256 0 -167 10 141 0 16 11 441 0 -173 11 117 0 -73 11 143 0 239 11 -14 0 -295 11 -301 0 -404 10 -163 0 -347 11 -317 0 -139 11 261 0 257 13 -449 0 341 12 194 0 -92 10 185 0 237 11 -96 0 -286 10 -403 0 403 11 33 0 -289 14 182 0 -191 10 -379 0 -88 11 -246 0 276 14 -383 0 83 12 115 0 136 11 112 0 -120 14 183 0 -333 11 291 0 21 12 171 0 69 13 -13 0 -296 14 432 0 337 10 -211 0 -440 12 -228 0 -183 13 -344 0 -116 11 100 0 -399 12 436 0 216 14 230 0 1 11 -137 0 -158 10 -339 0 -384 11 364 0 105 10 380 0 139 14 -245 0 378 10 444 0 -300 12 60 0 -142 13 208 0 409 12 395 0 -247 12 228 0 256 11 -307 0 -300 13 -196 0 -234 14 -230 0 374 14 -248 0 63 11 44 0 106 11 194 0 105 11 -345 0 438 14 -386 0 -25 12 -389 0 230 10 341 0 36 13 -415 0 187 11 -109 0 -445 10 164 0 379 11 418 0 -7 12 -22 0 -413 10 -416 0 283 10 -300 0 440 14 -426 0 -344 11 -282 0 282 14 -339 0 -80 12 -304 0 -343 10 90 0 -285 10 -196 0 -356 13 -228 0 139 11 252 0 228 13 286 0 62 14 -412 0 52 10 -335 0 211 13 109 0 379 10 -170 0 -358 11 -181 0 -159 10 124 0 381 10 421 0 -265 12 64 0 9 11 -18 0 -188 10 -169 0 -352 14 217 0 -261 13 229 0 -146 14 292 0 -435 10 240 0 -155 13 -342 0 166 14 135 0 -160 10 -174 0 -189 12 -285 0 325 11 141 0 -90 13 398 0 191 14 267 0 10 10 -209 0 -211 11 27 0 -317 11 193 0 425 13 -397 0 -367 14 204 0 219 14 -164 0 -353 12 -347 0 -188 14 -19 0 -445 14 -328 0 404 12 361 0 273 12 443 0 -334 13 -71 0 144 14 330 0 -61 14 178 0 -8 10 -206 0 -202 14 -352 0 84 13 -133 0 187 12 -39 0 -230 12 416 0 -108 13 -185 0 -145 12 -325 0 -152 13 -227 0 227 12 109 0 107 13 369 0 -113 12 -84 0 131 10 132 0 281 14 445 0 -302 13 172 0 162 14 -44 0 128 13 -305 0 445 14 157 0 -330 12 -165 0 -106 10 160 0 -395 14 25 0 -424 12 333 0 -58 10 40 0 -376 14 230 0 -329 12 260 0 345 14 -389 0 -148 14 205 0 -3 10 256 0 -296 10 -347 0 41 11 -220 0 -197 14 -435 0 279 10 -261 0 214 13 -354 0 -196 14 285 0 -364 11 225 0 399 11 -124 0 -440 13 106 0 267 12 383 0 73 13 -120 0 229 12 -278 0 -389 10 -329 0 -322 11 -302 0 -133 10 66 0 16 10 -339 0 -149 13 329 0 -322 12 -60 0 5 10 -94 0 -339 12 318 0 -354 13 89 0 -24 14 351 0 200 10 -34 0 373 14 363 0 -378 13 -325 0 190 14 142 0 353 13 -204 0 232 11 298 0 -225 13 -37 0 131 14 398 0 51 12 -444 0 -310 14 397 0 -409 11 347 0 60 10 426 0 25 12 27 0 150 12 93 0 -157 11 -439 0 141 10 110 0 -11 10 213 0 -445 13 -420 0 403 12 -58 0 -439 12 -117 0 408 11 -425 0 357 11 142 0 386 11 -119 0 -37 13 208 0 -394 13 -409 0 -330 14 -291 0 230 14 51 0 45 11 75 0 75 14 -248 0 -380 12 -379 0 -47 12 -416 0 30 14 57 0 -226 10 105 0 105 10 -146 0 -84 14 -53 0 9 14 -268 0 168 14 -230 0 -179 14 347 0 347 10 -299 0 417 14 -176 0 -28 11 -141 0 -395 10 366 0 -171 13 22 0 385 13 
